ФМЛ 30 (Василеостровский)	82,40
366 (Московский)	80,79
470 (Калининский)	78,14
116 (Приморский)	78,05
610 (Петроградский)	76,70
369 (Красносельский)	74,60
64 (Приморский)	72,62
24 (Василеостровский)	72,31
73 (Выборгский)	72,04
631 (Приморский)	71,92
179 (Калининский)	71,88
56 (Петроградский)	71,60
95 (Калининский)	71,30
74 (Выборгский)	71,20
232 (Адмиралтейский)	71,20
344 (Невский)	71,01
248 (Кировский)	70,99
548 (Красносельский)	70,93
327 (Невский)	70,50
524 (Московский)	70,28
192 (Калининский)	70,08
63 (Калининский)	69,78
328 (Невский)	69,77
144 (Калининский)	69,73
371 (Московский)	69,48
23 (Невский)	69,41
148 (Калининский)	69,38
517 (Выборгский)	69,37
43 (Приморский)	69,35
393 (Кировский)	69,33
605 (Выборгский)	69,11
387 (Кировский)	68,87
523 (Колпинский)	68,51
139 (Калининский)	68,50
18 (Василеостровский)	68,48
254 (Кировский)	68,45
426 (Петергоф)	68,42
66 (Приморский)	68,33
150 (Калининский)	68,28
230 (Фрунзенский)	68,21
164 (Красногвардейский)	68,09
619 (Калининский)	68,01
622 (Выборгский)	67,95
92 (Выборгский)	67,83
171 (Центральный)	67,81
399 (Красносельский)	67,75
307 (Адмиралтейский)	67,74
285 (Красносельский)	67,60
157 (Центральный)	67,47
207 (Центральный)	67,46
70 (Петроградский)	67,38
410 (Пушкинский)	67,04
454 (Колпинский)	67,00
160 (Красногвардейский)	66,93
457 (Выборгский)	66,91
331 (Невский)	66,87
67 (Петроградский)	66,66
126 (Калининский)	66,62
107 (Выборгский)	66,59
258 (Колпинский)	66,56
53 (Приморский)	66,53
80 (Петроградский)	66,49
406 (Пушкинский)	66,40
222 (Центральный)	66,37
644 (Приморский)	66,06
271 (Красносельский)	65,92
363 (Фрунзенский)	65,91
365 (Фрунзенский)	65,68
46 (Приморский)	65,67
348 (Невский)	65,49
639 (Невский)	65,41
226 (Фрунзенский)	65,30
316 (Фрунзенский)	65,17
395 (Красносельский)	65,02
205 (Фрунзенский)	65,01
564 (Адмиралтейский)	65,00
634 (Приморский)	64,98
590 (Красносельский)	64,97
151 (Красногвардейский)	64,90
373 (Московский)	64,82
168 (Центральный)	64,80
29 (Василеостровский)	64,78
533 (Красногвардейский)	64,77
347 (Невский)	64,76
382 (Красносельский)	64,73
534 (Выборгский)	64,61
352 (Красносельский)	64,60
155 (Центральный)	64,58
556 (Курортный)	64,57
498 (Невский)	64,46
445 (Курортный)	64,35
441 (Фрунзенский)	64,28
295 (Выборгский)	64,21
295 (Фрунзенский)	64,21
553 (Фрунзенский)	64,21
636 (Центральный)	64,14
593 (Невский)	64,13
246 (Приморский)	64,12
185 (Центральный)	63,98
405 (Красногвардейский)	63,96
450 (Курортный)	63,91
244 (Кировский)	63,81
335 (Пушкнский)	63,65
52 (Приморский)	63,39
530 (Пушкинский)	63,34
309 (Центральный)	63,08
695 (Пушкинский)	63,05
625 (Невский)	63,01
389 (Кировский)	63,00
505 (Красносельский)	63,00
177 (Красногвардейский)	62,94
14 (Невский)	62,92
227 (Фрунзенский)	62,90
303 (Фрунзенский)	62,81
513 (Невский)	62,72
376 (Московский)	62,67
520 (Колпинский)	62,60
540 (Приморский)	62,59
337 (Невский)	62,53
183 (Центральный)	62,51
11 (Василеостровский)	62,43
445 (Колпинский)	62,31
214 (Центральный)	62,20
263 (Адмиралтейский)	62,05
544 (Московский)	62,01
61 (Выборгский)	62,00
506 (Кировский)	62,00
488 (Выборгский)	61,96
628 (Красногвардейский)	61,91
571 (Невский)	61,88
105 (Выборгский)	61,84
503 (Кировский)	61,84
41 (Приморский)	61,83
531 (Красногвардейский)	61,76
416 (Петергоф)	61,68
213 (Фрунзенский)	61,63
422 (Кронштадт)	61,61
567 (Петергоф)	61,56
557 (Невский)	61,51
77 (Петроградский)	61,50
26 (Невский)	61,43
318 (Фрунзенский)	61,37
345 (Невский)	61,31
550 (Центральный)	61,24
47 (Петроградский)	61,17
190 (Центральный)	61,15
261 (Кировский)	61,14
403 (Пушкинский)	61,10
236 (Фрунзенский)	61,05
435 (Курортный)	61,01
343 (Невский)	61,00
351 (Московский)	60,95
35 (Василеостровский)	60,85
511 (Пушкинский)	60,84
265 (Красногвардейский)	60,83
570 (Невский)	60,82
292 (Фрунзенский)	60,82
378 (Кировский)	60,78
278 (Адмиралтейский)	60,75
645 (Пушкинский)	60,57
297 (Пушкинский)	60,56
181 (Центральный)	60,55
532 (Красногвардейский)	60,55
242 (Красносельский)	60,50
582 (Приморский)	60,38
293 (Красносельский)	60,35
397 (Кировский)	60,30
98 (Калининский)	60,22
404 (Колпинский)	60,00
312 (Фрунзенский)	59,96
591 (Невский)	59,89
306 (Адмиралтейский)	59,76
98 (Калининский)	59,73
197 (Центральный)	59,69
329 (Невский)	59,53
418 (Кронштадт)	59,53
346 (Невский)	59,50
344 (Невский)	59,46
237 (Красносельский)	59,45
547 (Приморский)	59,44
141 (Красногвардейский)	59,34
299 (Фрунзенский)	59,31
211 (Центральный)	59,27
577 (Красногвардейский)	59,25
282 (Кировский)	59,25
501 (Кировский)	59,24
284 (Кировский)	59,24
459 (Пушкинский)	59,14
543 (Московский)	59,10
281 (Адмиралтейский)	59,06
500 (Пушкинский)	59,05
196 (Красногвардейский)	59,04
489 (Московский)	59,03
264 (Кировский)	59,00
415 (Петергоф)	58,98
272 (Адмиралтейский)	58,93
89 (Калининский)	58,83
341 (Невский)	58,68
72 (Калининский)	58,63
481 (Кировский)	58,61
121 (Калининский)	58,52
38 (Приморский)	58,48
380 (Красносельский)	58,44
368 (Фрунзенский)	58,41
569 (Невский)	58,38
504 (Кировский)	58,37
653 (Калининский)	58,36
508 (Московский)	58,36
42 (Приморский)	58,35
471 (Выборгский)	58,28
79 (Калининский)	58,27
68 (Калининский)	58,26
209 (Центральный)	58,25
184 (Калининский)	58,15
334 (Невский)	58,11
180 (Красногвардейский)	58,07
507 (Московский)	58,05
255 (Адмиралтейский)	58,05
339 (Невский)	57,98
159 (Калининский)	57,80
40 (Приморский)	57,72
342 (Курортный)	57,70
618 (Приморский)	57,65
249 (Кировский)	57,64
692 (Калининский)	57,63
321 (Центральный)	57,62
683 (Приморский)	57,61
585 (Кировский)	57,52
497 (Невский)	57,51
82 (Петроградский)	57,43
491 (Красногвардейский)	57,31
485 (Московский)	57,20
520 (Колпинский)	57,16
51 (Петроградский)	57,24
568 (Красносельский)	57,16
85 (Петроградский)	57,16
83 (Выборгский)	57,15
276 (Красносельский)	57,09
377 (Кировский)	57,05
603 (Фрунзенский)	57,04
448 (Фрунзенский)	57,04
229 (Адмиралтейский)	56,99
Худ. лицей (Василеостровский)	56,99
323 (Невский)	56,97
32 (Василеостровский)	56,90
114 (Выборгский)	56,80
Гимназия при Русском музее	56,76
90 (Петроградский)	56,73
551 (Кировский)	56,69
325 (Фрунзенский)	56,67
167 (Центральный)	56,60
201 (Фрунзенский)	56,45
119 (Калининский)	56,39
583 (Приморский)	56,09
367 (Фрунзенский)	56,01
302 (Фрунзенский)	55,90
384 (Кировский)	55,84
20 (Невский)	55,74
477 (Пушкинский)	55,70
333 (Невский)	55,61
124 (Выборгский)	55,60
106 (Приморский)	55,60
621 (Колпинский)	55,59
521 (Красногвардейский)	55,58
256 (Адмиралтейский)	55,58
372 (Москоский)	55,54
146 (Калининский)	55,45
86 (Петроградский)	55,45
ЦО №80	55,40
210 (Центральный)	55,35
444 (Фрунзенский)	55,34
638 (Пушкинский)	55,31
464 (Пушкинский)	55,31
466 (Курортный)	55,22
71 (Калининский)	55,19
311 (Фрунзенский)	55,10
355 (Московский)	55,02
330 (Невский)	55,00
301 (Фрунзенский)	54,76
274 (Кировский)	54,67
111 (Калининский)	54,65
137 (Калининский)	54,64
252 (Красносельский)	54,45
204 (ЦЕнтральный)	54,43
539 (Кировский)	54,42
700 (Василеостровский)	54,42
529 (Петергоф)	54,28
519 (Московский)	54,23
594 (Московский)	54,22
96 (Калининский)	54,20
212 (Фрунзенский)	54,19
128 (Калининский)	54,15
358 (Московский)	54,08
549 (Красносельский)	53,93
598 (Приморский)	53,91
419 (Петергоф)	53,90
16 (Василеостровский)	53,79
425 (Кронштадт)	53,76
473 (Калининский)	53,69
69 (Калининский)	53,61
2 (Василеостровский)	53,30
176 (Калининский)	53,28
88 (Калининский)	53,16
537 (Московский)	53,12
189 (Центральный)	53,06
461 (Колпинский)	52,64
433 (Курортный)	52,55
538 (Кировский)	52,38
241 (Адмиралтейский)	52,20
569 (Невский)	52,20
12 (Василеостровский)	52,20
234 (Адмиралтейский)	52,17
5 (Василеостровский)	52,01
456 (Колпинский)	51,78
223 (Кировский)	51,73
175 (Калининский)	51,72
280 (Адмиралтейский)	51,67
401 (Колпинский)	51,24
172 (Калининский)	51,01
136 (Калининский)	50,94
215 (Фрунзенский)	50,80
87 (Петроградский)	50,72
536 (Московский)	50,50
409 (Пушкинский)	50,39
257 (Пушкинский)	50,33
553 (Пушкинский)	50,13
423 (Кронштадт)	48,88
576 (Василеостровский)	48,20
427 (Кронштадт)	48,18
15 (Василеостровский)	48,15
245 (Адмиралтейский)	47,72
362 (Московский)	47,69
414 (Красносельский)	47,65
443 (Фрунзенский)	47,64
338 (Невский)	47,44
313 (Фрунзенский)	47,26
19 (Василеостровский)	47,12
81 (Калининский)	47,00
243 (Адмиралтейский)	46,81
359 (Фрунзенский)	46,75
178 (Центральный)	46,18
545* (Курортный)	46,00
514 (Калининский)	45,47
512 (Невский)	45,29
381 (Кировский)	44,70
496 (Московский)	44,47
91 (Петроградский)	44,32
296 (Фрунзенский)	44,22
97 (Выборгский)	43,81
493 (Кировский)	43,74
552 (Пушкинский)	43,50
"Морская школа" (Московский)	43,24
260 (Адмиралтейский)	42,53
447 (Курортный)	41,58
168 (Калининский)	41,40
84 (Петроградский)	41,35
317 (Адмиралтейский)	40,08
55 (Петроградский)	39,62
541 (Курортный)	39,32
310 (Фрунзенский)	39,26

