1027806857561
1027809191442
1027800551130
1027809227059
1027810346387
1037800008784
1027801583347
1027801583370
1027801583578
1027801583567
1037800024690
1027801583501
1027807582967
1027802499306
1027809217480
1027809238467
1027802497601
1037843033030
1037843004891
1027809204169
1037816029547
1027809252130
1027802499119
1027804194109
1037835051561
1027809230360
1037835024820
1027802740570
1037811001062
1027804599460
1027810347773
1037851010977
1037811038682
1027804599085
1027807984863
1027800539470
1037825013148
1027806076671
1027807991562
1027802760644
1027804601483
1027808758603
1027804188004
1027809005454
1027807579282
1027807583968
1027808910557
1027812401693
1037835020156
1027808757250
1037832009368
1027806082765
1027804599184
1027806066034
1027807586113
1037821001240
1027804906700
1027806066111
1117847205189
1037800017551
1027807979693
1037828004390
1027801583864
1027804177060
1027802496512
1027807591965
1027800547510
1027801583930
1027807583990
1027806860674
1037828040117
1027801583380
1037828001265
1027801583655
1037825013720
1037832010281
1027801583611
1027802499383
1027802499130
1027802497898
1027802497337
1037843047450
1037835027230
1027802751822
1027804194110
1027808757613
1027810332593
1027808003332
1027806066056
1027806066090
1027804895161
1027804604695
1027804894281
1037811024349
1027802741185
1027802738590
1027802749490
1027802737819
1027804602715
1027809007940
1027809003507
1027808913142
1027812404971
1027802497304
1027801583006
1027801583820
1027804182560
1027807593758
1037825006394
1027804599965
1027807577467
1027801583908
1027807581460
1037828005709
1027802499141
1027804895051
1027808914704
1037843076005
1037843012790
1027804605652
1027807587389
1027802497250
1027802496809
1027801583644
1037821026429
1027800546795
1027801583600
1027801583590
1027801583589
1027807578765
1027807587917
1027801583534
1027802496578
1027801583512
1027807583187
1027801583490
1027801583479
1027801583468
1027802497282
1027800541735
1027801583457
1027802499020
1027809241118
1027801583446
1027801583424
1037816037753
1037816030890
1027802496930
1037816030922
1037825019594
1037816030966
1037816004335
1027801583413
1027802496501
1027802499340
1027802499350
1027802496732
1037825019616
1037816055518
1037816029393
1037816031000
1027802521262
1027802497909
1037816003664
1027802499152
1037800017584
1027804182581
1037816029426
1027809254593
1027807992761
1027802499339
1027802499120
1037800017518
1027804187971
1027802496776
1037843047912
1027804188015
1027809226653
1027809243571
1037800062585
1027802499944
1037843012866
1027802499328
1027802496765
1037843005881
1037800007211
1027804197398
1037843011205
1037816037775
1037843002691
1027802499295
1027809246046
1027802497557
2047811005064
1037816002950
1037843029025
1037800021380
1037816031032
1037843019169
1037816029492
1027809251931
1027800547610
1027806069543
1027804605135
1037835013974
1027807991518
1027809215829
1037843021446
1027809255891
1027804603562
1037800018695
1037843005441
1027809245860
1037835020079
1027808013310
1027807992706
1027809223518
1027804605861
1037835006087
1027802757608
1027809249049
1027802739997
1027810349368
1027810356221
1027806084987
1027807991331
1027810291189
1027804187950
1027810334353
1037851004091
1027807992772
1027804603650
1027810344100
1027802740459
1027810295237
1027804606246
1037851014233
1027810299021
5067847266328
1027804602980
1027802725610
1027802740635
1027802735960
1027804600548
1037832053665
1027802726050
1027810345310
1027810346717
1137847052419
1027808757899
1027810317590
1037825019650
1027810291541
1027804604002
1027810346211
1037811059494
1027810301606
1027806079201
1027802734926
1037800017243
1027804603420
1027802742747
1027804601912
1027804601990
1027802735993
1037851014167
1027802730603
1027802739470
1027804605696
1027810340447
1027810345309
1037800021379
7077847159086
1117847239839
1027807992453
1037843091208
1027807992794
1027809003530
1027807997250
1037835006318
1037835019012
1027807992850
1027809256617
1027807997557
1027810332307
1027810301243
1037843003428
1027809237246
1037800017969
1037835036546
1027808012715
1037835052331
1027807991573
1037835036458
1027809003562
1027807992838
1027810305533
1027807992937
1027808913230
1097847218468
1037843044601
1037835048041
1037825013820
1027812402386
1027807992981
1037825005096
1027806070038
1027806071457
1027806080367
1037825017603
1037825019506
1037825019891
1089847102817
1037825012235
1037825012499
1037825018296
1037825019693
1037825021453
1027806072678
1027806085999
1037825012202
1027806078343
1037825002368
1027806074768
1027804187927
1037800050276
1037825011586
1027804892500
1027804601934
1037821014428
1037821022040
1027804894292
1037821001327
1027804892345
1037835013853
1027807992200
1037821003769
1027807992783
1027807992827
1037835054575
1037835024589
1027804892906
1027804895128
1027804605080
1137847313009
1027802730614
1027802738985
1027807570482
1027804601131
1027802728018
1027804600526
1027804607577
1037811007893
1027802749248
1037825009133
1027804603672
1027804604255
1027802749204
1027804604156
1027804600713
1027800560303
1027808757602
1027808757371
1027809003540
1027808758372
1027809003551
1027809003584
1027808914121
1027808913318
1027808913330
1027804605443
1027808913109
1027808913120
1027808866580
1027808757393
1027808913175
1027808867052
1027808867041
1027808867350
1027808867118
1037841003980
1027807587609
1027808914210
1027812404553
1027808916343
1027807587301
1027807584276
1027807591459
1027812406126
1027807992190
1027807991452
1027812405422
1027807991589
1027807568392
1027812404663
1027808757866
1027801583556
1027808758647
1027808757877
1027808758196
1027801582820
1037825008055
1027809003617
1027807584133
1027808758669
1027809003573
1027801582929
1027809003529
1027812403740
1027808757492
1027801582930
1027801582940
1037828004367
1027801582951
1027801582962
1027802499218
1027801582973
1027801582984
1027808758383
1027809003496
1027807587862
1027802769708
1157847088640
1027801582995
1027804895194
1027804895150
1027804903466
1027804187894
1037816037797
1027802737599
1027801583787
1037821003956
1027804899209
1027806074790
1027800543407
1037828004389
1027809003518
1027802737863
1027802739557
1027802767300
1027802737885
1027804894260
1027804895030
1147847543084
1037828004411
1037821022084
1117847398338
1037825002049
1027802499163
1037816019317
1027806070050
1027801583765
1027801583754
1037821020159
1027808757833
1037816001706
1027808757701
1027804893071
1037825015865
1027808912560
1027807585607
1027809002968
1097847194939
1037816029460
1027801583732
1027802500725
1037821046273
1027804895029
1027802740998
1027802741988
1027812401539
1027808913373
1027804892939
1027804894270
1117847290824
1027804606191
1147847043717
1027804607995
1027804604541
1027806891419
1037843000898
1027802730592
1027809003639
1027807992728
1027807573200
1027812406280
1037825032420
1027801583721
1027801583700
1027801583710
1027804182471
1027810242910
1027808913043
1027804602000
1027806075736
1027806075296
1027806079927
1027806082094
1027804187916
1027807586234
1027807570790
1027807588082
1027807574827
1027807593703
1037832008466
1037832007740
1027802754440
1027808758262
1027808758229
1037825007131
1027806075912
1027806068971
1037821044117
1027807582461
1037832012316
1027807586586
1027807587323
1037800013789
1027801583336
1027807585948
1027807586091
1027808918752
1037835045258
1147847199202
1027801583897
1027809003606
1027802753880
1037843060408
1027807587895
1027807584023
1027802506071
1027801583358
1027808757844
1037825003743
1107847247694
1027807573925
1027807585300
1027809255077
1027809007380
1037825004711
1027807586740
1027806066078
1027804895073
1027807581493
1147847198091
1027801583369
1027802497447
1027802748665
1099847000527
1027802749402
1027807583132
1037825016316
1027807585024
1117847367164
1027807590150
1027802498877
1027809005850
1027800560358
1027802496523
1027802497260
1037828005775
1027801583391
1037828001166
1027802496919
1027802496590
1027807997051
1027806887668
1027802499207
1027801583688
1027806887371
1027806892827
1037828001683
1027802499185
1027802496810
1027801583677
1037828002739
1147847205681
1027802499372
1027801583633
1027802496842